
Statistics Report for Global Competitiveness Index:
----------------------------------------------------
Mean: 4.874227604214944
Median: 2.32192851995572
Mode: 1.51520453728299
Minimum: 0.0002523353870072
Maximum: 44.5556159738805
Variance: 42.27538413370923
Standard Deviation: 6.501952332469782
